0,421
0,420
0,419
0,418
0,417
0,416
23,43
23,42
23,41
23,40
23,39
23,38
23,37
23,36
0,415
0,414
0,413
0,412
0,411
0,410
0,409
0,408
0,407
0,406
0,405
0,404
0,403
0,402
0,401
0,400
0,399
34,5
34,4
34,3
34,2
0,398
34,1
34,0
0,397
0,396
33,5
33,4
33,3
33,2
33,1
33,0
0,395
0,394
0,393
0,392
0,391
0,390
0,389
0,388
0,387
0,386
32,4
32,3
32,2
32,1
32,0
0,385
0,384
0,319
0,318
0,317
0,316
31,5
31,4
31,3
31,2
31,1
31,0
30,5
30,4
30,3
30,2
30,1
30,0
29,3
29,2
29,1
29,0
28,3
28,2
28,1
28,0
27,3
27,2
27,1
27,0
26,4
26,3
26,2
26,1
26,0
25,3
25,2
25,1
25,0
24,3
24,2
24,1
24,0
23,35
23,34
23,33
23,32
23,31
23,30
23,29
23,28
23,27
23,26
23,25
23,24
23,23
23,22
23,21
23,20
23,19
23,18
23,17
23,16
23,15
23,14
23,13
23,12
23,11
23,10
23,9
23,8
23,7
23,6
23,5
23,4
23,3
23,2
23,0
0,276
0,275
0,272
0,271
0,12
0,10
0,8
0,283
10,287
10,286
10,285
10,284
10,283
10,282
10,281
10,280
10,279
10,278
10,277
10,276
10,275
10,274
10,273
10,272
10,271
10,270
10,269
10,268
10,267
10,266
10,265
10,264
10,263
10,262
10,261
10,260
10,259
10,258
10,257
10,256
10,313
10,312
10,311
10,310
10,309
10,308
10,307
10,306
